#NSGA2
popsize 10
maxGen 10
numVar 10
numObj 2
numCons 0
stateFieldNames	currentGen	evaluateCount	totalTime	firstFrontCount	frontCount	avgEvalTime	
#end


#Generation 1 / 10
currentGen	1
evaluateCount	10
totalTime	129.839
firstFrontCount	2
frontCount	7
avgEvalTime	18.4728
#end
Var1	Var2	Var3	Var4	Var5	Var6	Var7	Var8	Var9	Var10	Obj1	Obj2	
46.831179163881	40.519923944820	 0.402918859109	36.130229254908	23.206271671259	 0.915991244131	 0.001151057129	 4.624491592423	 4.243490398154	 4.609163660290	1e+10	1e+10	
46.209583716517	19.348308431207	47.084357685644	28.281429222637	 2.145763996147	 0.175874415684	 0.721758033391	 4.734859929653	 1.527212004382	 3.411246070491	2.55148	59.7603	
36.443352826101	11.504715327708	44.305610398616	14.570975899090	55.045460522963	 0.269061586686	 0.765500016621	 1.886619767915	 2.874981730661	 0.911134636865	2.52715	72.811	
34.572562839780	41.001794597679	32.795586875419	25.543730512271	38.666566885880	 0.647617630173	 0.679016754093	 6.357867105141	 9.451741131094	 2.089349224260	2.3352	61.4303	
42.556902162633	14.173834619628	 7.163774867838	36.438236441138	27.008261817954	 0.458725493649	 0.661944751906	 7.702855148037	 3.502180134411	 6.620095983591	2.58356	102.604	
24.969515398188	50.515749161479	49.975009144513	15.386459533749	36.807644208773	 0.582249164527	 0.540739337124	 8.699410323580	 2.647790264756	 3.180740754811	2.62993	71.6943	
 7.152872463251	56.389768220695	38.733112498351	28.767793496933	38.359017662407	 0.544716110527	 0.647311480293	 5.438859339996	 7.210466205798	 5.224953057771	2.48272	69.1391	
59.622277447251	13.120597943978	 6.347896395014	 6.581847871392	 3.815482258506	 0.404579995858	 0.448372912066	 3.658161768382	 7.635046408488	 6.278963796142	2.7949	72.3016	
46.318823133255	55.971214216729	58.364451240181	11.521700965666	 8.332452169749	 0.696266337083	 0.093820026775	 5.254044038593	 5.303442183929	 8.611398113933	2.90153	124.362	
29.091200013126	23.607381672916	40.285868380442	44.475476607252	31.203148043423	 0.347712671278	 0.149997253832	 5.860920672315	 2.621453177278	 0.444540922782	2.72823	111.896	



#Generation 5 / 10
currentGen	5
evaluateCount	50
totalTime	315.952
firstFrontCount	4
frontCount	3
avgEvalTime	15.3754
#end
Var1	Var2	Var3	Var4	Var5	Var6	Var7	Var8	Var9	Var10	Obj1	Obj2	
34.572562839780	41.001794597679	32.795586875419	25.543730512271	38.666566885880	 0.647617630173	 0.679016754093	 6.357867105141	 9.451741131094	 2.089349224260	2.3352	61.4303	
34.572562839780	41.001794597679	25.315168386165	25.543730512271	38.666566885880	 0.647617630173	 0.850782863825	 6.357867105141	 9.451741131094	 2.089349224260	2.3352	61.4303	
42.556902162633	14.173834619628	 7.163774867838	28.925456370454	27.008261817954	 0.488211133848	 0.661944751906	 7.358242693081	 8.260040855356	 5.395229167137	2.4116	59.7452	
34.572562839780	41.001794597679	40.904703551067	25.543730512271	38.666566885880	 0.647617630173	 0.679016754093	 6.357867105141	 9.451741131094	 2.089349224260	2.3352	61.4303	
46.209583716517	19.348308431207	47.084357685644	28.281429222637	 2.145763996147	 0.175874415684	 0.721758033391	 4.734859929653	 1.527212004382	 3.411246070491	2.55148	59.7603	
35.979150433807	33.490625315334	44.305610398616	14.570975899090	55.045460522963	 0.693222576342	 0.681339691179	 1.886619767915	 2.451699212313	 1.500780309228	2.38566	66.2414	
40.540581256043	14.121368601627	 4.727011284627	34.032659497052	33.918027569839	 0.513767796815	 0.647311480293	 6.507883642137	 8.146699936459	 5.340923592654	2.49123	61.955	
 7.152872463251	56.389768220695	38.733112498351	28.767793496933	38.359017662407	 0.544716110527	 0.647311480293	 5.438859339996	 7.210466205798	 5.224953057771	2.48272	69.1391	
35.385268812427	25.342732616513	32.795586875419	27.263559384003	15.850013666862	 0.229881619846	 0.674989815172	 3.715399513958	 2.008151450762	 3.672765361443	2.58652	62.876	
34.209668235394	44.662661969334	37.296462333861	21.138693318394	24.082766680802	 0.467671249790	 0.704797503942	 5.572335134771	 6.189489882358	 3.298561633863	2.55917	65.6981	



